name: z3DPSlicer
channels:
  - conda-forge
dependencies:
  - attrs=25.3.0=pyh71513ae_0
  - bzip2=1.0.8=h2466b09_7
  - ca-certificates=2025.6.15=h4c7d964_0
  - compas=2.13.0=pyhd8ed1ab_0
  - importlib_resources=6.5.2=pyhd8ed1ab_0
  - intel-openmp=2024.2.1=h57928b3_1083
  - jsonschema=4.24.0=pyhd8ed1ab_0
  - jsonschema-specifications=2025.4.1=pyh29332c3_0
  - libblas=3.9.0=32_h641d27c_mkl
  - libcblas=3.9.0=32_h5e41251_mkl
  - libffi=3.4.6=h537db12_1
  - libhwloc=2.11.2=default_ha69328c_1001
  - libiconv=1.18=h135ad9c_1
  - liblapack=3.9.0=32_h1aa476e_mkl
  - liblzma=5.8.1=h2466b09_2
  - liblzma-devel=5.8.1=h2466b09_2
  - libsqlite=3.50.1=h053a19d_4
  - libwinpthread=12.0.0.r4.gg4f2fc60ca=h57928b3_9
  - libxml2=2.13.8=h442d1da_0
  - libzlib=1.3.1=h2466b09_2
  - mkl=2024.2.2=h66d3029_15
  - networkx=3.2.1=pyhd8ed1ab_0
  - numpy=2.0.2=py39h60232e0_1
  - openssl=3.5.0=ha4e3fda_1
  - pip=25.1.1=pyh8b19718_0
  - pkgutil-resolve-name=1.3.10=pyhd8ed1ab_2
  - python=3.9.10=hcf16a7b_2_cpython
  - python_abi=3.9=7_cp39
  - pyyaml=6.0.2=py39hf73967f_2
  - referencing=0.36.2=pyh29332c3_0
  - rpds-py=0.25.1=py39h95bb58a_0
  - scipy=1.13.1=py39h1a10956_0
  - setuptools=80.9.0=pyhff2d567_0
  - sqlite=3.50.1=hfd05255_4
  - tbb=2021.13.0=h62715c5_1
  - tk=8.6.13=h2c6b04d_2
  - typing_extensions=4.14.0=pyhe01879c_0
  - tzdata=2025b=h78e105d_0
  - ucrt=10.0.22621.0=h57928b3_1
  - vc=14.3=h41ae7f8_26
  - vc14_runtime=14.44.35208=h818238b_26
  - vs2015_runtime=14.44.35208=h38c0c73_26
  - watchdog=6.0.0=py39hcbf5309_0
  - wheel=0.45.1=pyhd8ed1ab_1
  - xz=5.8.1=h208afaa_2
  - xz-tools=5.8.1=h2466b09_2
  - yaml=0.2.5=h8ffe710_2
  - zipp=3.23.0=pyhd8ed1ab_0
  - pip:
      - compas-viewer==1.5.1
      - freetype-py==2.5.1
      - pyopengl==3.1.9
      - pyside6==6.9.1
      - pyside6-addons==6.9.1
      - pyside6-essentials==6.9.1
      - shiboken6==6.9.1
      - z3dpslicer==0.1.0
prefix: C:\Users\taizhong_chen\miniforge3\envs\z3DPSlicer
